nrLevels 3

lvl 1
nrEnemy 5
nrClc 8
map
3 2 2 2 2 2 2 2 2 3 0 0 0 0 0 1 1 1 1 1 1 1 1 1 1
3 3 3 3 3 3 3 3 3 3 0 0 0 0 0 1 1 1 1 1 1 1 1 1 1
3 2 2 2 2 2 2 2 2 3 0 0 0 0 0 0 1 1 1 1 1 1 1 1 1
3 2 2 2 2 2 2 2 2 3 1 0 0 0 0 0 1 1 1 1 1 1 1 1 1
3 2 2 2 2 2 2 2 2 3 1 1 0 0 0 0 0 1 1 1 1 1 1 1 1
3 2 2 2 2 2 2 2 2 3 1 1 0 0 0 0 0 0 1 4 4 1 1 1 1
3 2 2 2 2 2 2 2 2 3 1 1 1 0 0 0 0 0 0 4 4 0 1 1 1
3 2 2 2 2 2 2 2 2 3 1 1 1 1 0 0 0 0 0 4 4 0 0 0 1
3 2 2 2 2 2 2 2 2 3 1 1 1 1 1 1 0 0 0 4 4 0 0 0 0
3 2 2 2 2 2 2 2 2 3 1 1 1 1 1 1 1 1 0 4 4 0 0 0 0
3 3 3 2 2 3 3 3 3 3 3 3 1 1 1 1 1 1 1 4 4 1 0 0 0
3 2 2 2 2 2 2 2 2 2 2 3 1 1 1 1 1 1 1 1 1 1 1 1 1
3 2 2 2 2 2 2 2 2 2 2 3 1 1 1 1 1 1 1 1 1 1 1 1 1
3 2 2 2 2 2 2 2 2 2 2 3 1 1 1 1 1 1 1 1 1 1 1 1 1
3 2 2 2 2 2 2 2 2 2 2 3 1 1 1 1 1 1 1 1 1 1 1 1 1
3 2 2 2 2 2 2 2 2 2 2 2 1 1 1 1 1 1 1 1 1 1 1 1 1
3 2 2 2 2 2 2 2 2 2 2 2 1 1 1 1 1 1 1 1 1 1 1 1 1
3 2 2 2 2 2 2 2 2 2 2 3 1 1 1 1 1 1 1 1 1 1 1 1 1
3 2 2 2 2 2 2 2 2 2 2 3 1 1 1 1 1 1 1 1 1 1 1 1 1
3 3 3 3 3 3 3 3 3 3 3 3 1 1 1 1 1 1 1 1 1 1 1 1 1
exit 23 17
clc
0 7 6
0 3 16
0 15 17
1 22 4
1 22 14
1 6 3
2 8 12
2 11 7
player 2 4
end

lvl 2
nrEnemy 7
nrClc 8
map
1 1 1 1 1 1 1 1 1 1 1 1 1 1 1 1 1 1 1 1 1 1 1 1 1
1 1 1 1 1 1 1 1 1 1 1 1 1 1 1 1 1 1 1 1 1 1 1 1 1
1 1 1 1 1 1 1 1 1 1 1 1 1 1 1 1 1 1 1 1 1 1 1 1 1
1 1 1 1 1 1 1 1 1 1 1 1 1 1 1 1 1 1 1 1 1 1 1 1 1
1 1 1 1 1 1 1 1 1 1 1 1 1 1 1 1 1 1 4 4 1 0 0 0 0
1 1 1 1 1 1 1 1 1 1 1 1 1 1 1 1 0 0 4 4 0 0 0 0 0
1 1 1 1 1 1 1 1 1 1 1 1 1 1 1 0 0 0 4 4 0 0 0 0 0
0 0 0 1 1 1 1 1 1 1 1 1 1 1 0 0 0 0 4 4 0 0 0 1 1
0 0 0 0 0 1 1 1 1 1 1 1 0 0 0 0 0 0 4 4 0 1 1 1 1
0 0 0 0 0 0 1 1 1 1 0 0 0 0 0 0 0 1 4 4 1 1 1 1 1
0 0 0 0 0 0 0 0 0 0 0 0 0 0 0 0 1 1 1 1 1 1 1 1 1
1 1 1 0 0 0 0 0 0 0 0 0 0 0 1 1 1 1 1 1 1 1 1 1 1
1 1 1 1 1 0 0 0 0 0 0 0 0 1 1 1 1 1 1 1 1 1 1 1 1
1 1 1 1 1 1 0 0 0 0 0 0 1 1 1 1 1 1 1 1 1 1 1 1 1
1 1 1 1 1 1 0 0 0 0 1 1 1 1 1 1 1 1 1 1 1 1 1 1 1
1 1 1 1 1 5 5 5 5 5 5 1 1 1 1 1 1 1 1 1 1 1 1 1 1
1 1 1 1 1 5 5 5 5 5 5 1 1 1 1 1 1 1 1 1 1 1 1 1 1
1 1 1 1 1 1 0 0 0 0 1 1 1 1 1 1 1 1 1 1 1 1 1 1 1
1 1 1 1 1 1 1 0 0 0 0 1 1 1 1 1 1 1 1 1 1 1 1 1 1
1 1 1 1 1 1 1 0 0 0 0 1 1 1 1 1 1 1 1 1 1 1 1 1 1
exit 1 2
clc
0 3 17
0 21 15
0 13 3
1 2 13
1 8 8
2 15 17
2 21 11
2 4 5
player 1 17
end

lvl 3
nrEnemy 10
nrClc 7
map
3 2 2 2 2 2 2 3 2 2 2 2 2 2 2 3 2 2 2 2 2 2 2 2 3
3 3 3 3 3 3 3 3 3 3 3 3 3 3 3 3 3 3 3 3 3 3 3 3 3
3 2 2 2 2 2 2 3 2 2 2 2 2 2 2 3 2 2 2 2 2 2 2 2 3
3 2 2 2 2 2 2 2 2 2 2 2 2 2 2 2 2 2 2 2 2 2 2 2 3
3 2 2 2 2 2 2 2 2 2 2 2 2 2 2 2 2 2 2 2 2 2 2 2 3
3 2 2 2 2 2 2 3 2 2 2 2 2 2 2 3 2 2 2 2 2 2 2 2 3
3 3 3 2 2 3 3 3 3 3 3 3 3 3 3 3 2 2 2 2 2 2 2 2 3
3 2 2 2 2 2 2 3 1 1 1 1 1 1 1 3 2 2 2 2 2 2 2 2 3
3 2 2 2 2 2 2 3 1 1 1 1 1 1 1 3 2 2 2 2 2 2 2 2 3
3 2 2 2 2 2 2 3 1 1 1 1 1 1 1 3 2 2 2 2 2 2 2 2 3
3 2 2 2 2 2 2 3 1 1 1 1 1 1 1 3 3 3 3 2 2 3 3 3 3
3 2 2 2 2 2 2 3 1 1 1 1 1 1 1 1 1 1 1 1 1 1 1 1 1
3 2 2 2 2 2 2 3 1 1 1 1 1 1 1 1 1 1 1 1 1 1 1 1 1
3 3 3 3 3 3 3 3 1 1 1 1 1 1 1 3 3 3 3 2 2 3 3 3 3
1 1 1 1 1 1 1 1 1 1 1 1 1 1 1 3 2 2 2 2 2 2 2 2 3
1 1 1 1 1 1 1 1 1 1 1 1 1 1 1 3 2 2 2 2 2 2 2 2 3
1 1 1 1 1 1 1 1 1 1 1 1 1 1 1 3 2 2 2 2 2 2 2 2 3
1 1 1 1 1 1 1 1 1 1 1 1 1 1 1 3 2 2 2 2 2 2 2 2 3
1 1 1 1 1 1 1 1 1 1 1 1 1 1 1 3 2 2 2 2 2 2 2 2 3
1 1 1 1 1 1 1 1 1 1 1 1 1 1 1 3 3 3 3 3 3 3 3 3 3
exit 2 18
clc
0 2 11
0 11 4
0 22 15
1 11 10
1 17 8
2 18 17
2 2 3
player 2 18
end